 Number Density(number/cm^3): 0.0637745
1.46573e+07 6.07003e-08  2.84471e-31   0  2.84471e-31  0  2.84471e-31
4.42642e+07 1.83312e-07  4.6351e-29   0  4.6351e-29  0  4.6351e-29
1.33676e+08 5.53593e-07  7.55278e-27   1.81323e-43  7.55278e-27  1.81323e-43  7.55278e-27
4.03695e+08 1.67183e-06  1.23087e-24   7.10544e-42  1.23087e-24  7.10544e-42  1.23087e-24
1.21914e+09 5.04883e-06  2.00648e-22   3.06774e-39  2.00648e-22  3.06774e-39  2.00648e-22
3.68174e+09 1.52472e-05  3.27274e-20   3.17727e-37  3.27274e-20  3.17727e-37  3.27274e-20
1.11187e+10 4.60459e-05  5.33407e-18   1.35594e-34  5.33407e-18  1.35594e-34  5.33407e-18
3.35779e+10 0.000139056  8.4183e-16   5.06907e-33  8.4183e-16  5.06907e-33  8.4183e-16
1.01404e+11 0.000419943  2.08389e-14   1.00853e-30  2.08389e-14  1.00853e-30  2.08389e-14
3.06234e+11 0.00126821  9.80408e-14   1.60094e-29  9.80409e-14  1.60094e-29  9.80408e-14
9.24811e+11 0.00382993  4.17568e-13   1.88236e-28  4.17568e-13  1.88236e-28  4.17568e-13
2.79289e+12 0.0115662  1.71919e-12   1.77934e-27  1.71919e-12  1.77934e-27  1.71919e-12
8.43438e+12 0.0349294  6.59129e-12   1.70823e-26  6.59129e-12  1.70823e-26  6.59129e-12
2.54714e+13 0.105485  2.14418e-11   1.57613e-25  2.14418e-11  1.57613e-25  2.14418e-11
7.69224e+13 0.31856  4.94832e-11   1.44456e-24  4.94832e-11  1.44456e-24  4.94832e-11
2.32302e+14 0.962035  7.36153e-11   1.31748e-23  7.36153e-11  1.31748e-23  7.36153e-11
7.01541e+14 2.9053  9.46188e-11   1.20069e-22  9.46188e-11  1.20069e-22  9.46188e-11
2.11862e+15 8.77386  1.2108e-10   1.09233e-21  1.2108e-10  1.09233e-21  1.2108e-10
6.39813e+15 26.4966  1.54194e-10   9.89989e-21  1.54194e-10  9.89989e-21  1.54194e-10
1.9322e+16 80.0186  1.9333e-10   8.89187e-20  1.9333e-10  8.89187e-20  1.9333e-10
5.83516e+16 241.652  2.31172e-10   7.82678e-19  2.31172e-10  7.82678e-19  2.31172e-10
1.76219e+17 729.778  2.43047e-10   6.60993e-18  2.43047e-10  6.60993e-18  2.43047e-10
5.32173e+17 2203.89  1.96844e-10   5.19027e-17  1.96844e-10  5.19027e-17  1.96844e-10
1.60714e+18 6655.66  1.24759e-10   3.66358e-16  1.2476e-10  3.66358e-16  1.2476e-10
4.85348e+18 20099.8  7.43771e-11   2.1301e-15  7.43792e-11  2.1301e-15  7.43792e-11
1.46573e+19 60700.3  4.02084e-11   9.74499e-15  4.02181e-11  9.74499e-15  4.02181e-11
4.42642e+19 183312  1.36238e-11   4.02403e-14  1.3664e-11  4.02403e-14  1.3664e-11
1.33676e+20 553593  7.14473e-13   1.54619e-13  8.69092e-13  1.54619e-13  8.69092e-13
4.03695e+20 1.67183e+06  4.69516e-17   5.10922e-13  5.10969e-13  5.10922e-13  5.10969e-13
1.21914e+21 5.04883e+06  1.58678e-30   1.48055e-12  1.48055e-12  1.48055e-12  1.48055e-12
3.68174e+21 1.52472e+07  3.28609e-72   3.61746e-12  3.61746e-12  3.61746e-12  3.61746e-12
1.11187e+22 4.60459e+07  0   7.19292e-12  7.19292e-12  7.19292e-12  7.19292e-12
3.35779e+22 1.39056e+08  0   1.21488e-11  1.21488e-11  1.21488e-11  1.21488e-11
1.01404e+23 4.19943e+08  0   1.95838e-11  1.95838e-11  1.95838e-11  1.95838e-11
3.06234e+23 1.26821e+09  0   2.99709e-11  2.99709e-11  2.99709e-11  2.99709e-11
9.24811e+23 3.82993e+09  0   4.32654e-11  4.32654e-11  4.32654e-11  4.32654e-11
2.79289e+24 1.15662e+10  0   5.64877e-11  5.64877e-11  5.64877e-11  5.64877e-11
8.43438e+24 3.49294e+10  0   6.54361e-11  6.54361e-11  6.54361e-11  6.54361e-11
2.54714e+25 1.05485e+11  0   6.46099e-11  6.46099e-11  6.43442e-11  6.43442e-11
7.69224e+25 3.1856e+11  0   5.31513e-11  5.31513e-11  4.98239e-11  4.98239e-11
2.32302e+26 9.62035e+11  0   3.46719e-11  3.46719e-11  2.60975e-11  2.60975e-11
7.01541e+26 2.9053e+12  0   1.18133e-11  1.18133e-11  7.38223e-12  7.38223e-12
2.11862e+27 8.77386e+12  0   2.72035e-12  2.72035e-12  1.03386e-12  1.03386e-12
6.39813e+27 2.64966e+13  0   1.06729e-13  1.06729e-13  2.04123e-16  2.04123e-16
1.9322e+28 8.00186e+13  0   0  0  0  0
5.83516e+28 2.41652e+14  0   0  0  0  0
1.76219e+29 7.29778e+14  0   0  0  0  0
5.32173e+29 2.20389e+15  0   0  0  0  0
1.60714e+30 6.65566e+15  0   0  0  0  0
 Bolometric Luminosity(erg/s) 8.03965e+45
